6 7
299
-837
563
-985
316
380
13 1
18 1
14 2
17 6
18 3
1 6
7 5
12 3
-646
-801
-664
-856
307
-618
-267
-768
-341
589
954
-779
2 4
2 4
2 4
19 5
387
-833
-865
837
109
874
-979
-600
794
-35
-249
-853
164
-356
849
-972
26
-419
818
17 7
16 10
4 2
4 9
2 9
2 4
135
675
7 2
16 2
1 1
7 2
8 1
-764
692
-288
-736
-726
294
639
959
8 8
15 7
564
600
203
-425
349
-290
-625
-517
942
869
12
-719
235
-995
22
17 6
8 6
20 3
7 10
19 10
9 3
20 4
3 1
303
244
-48
5 2
7 2
-810
160
679
202
442
-530
-236
8 1
20 6
7 7
-35
205
846
-442
-975
-825
224
7 4
20 5
11 3
7 5
20 5
20 5
20 6
5 3
281
532
965
702
-70
7 3
19 3
8 2
0 0