6

20
101
207
155
143
512
335
108
977
567
201
188
311
112
0

6 
200 
200 
400 
400 
0

1
200
100
0

1
100
200
0

1
100
100
0

1
10
20
30
40
50
0

50
2500
3000
1000
1000
1500
700
800
0

90
4167
6071
5239
2440
1381
2446
2502
3324
7985
2749
1693
8172
3128
1088
1026
5850
408
7692
1130
3087
7157
2922
1599
2992
7558
4696
8821
4818
1558
6123
9833
9273
5841
8719
1712
7122
1165
7762
4094
9050
510
9335
969
3539
423
1895
3036
4379
3234
4066
7366
391
635
8865
6931
8093
3560
9400
6558
8667
9170
6390
7939
8658
5109
9552
9428
9822
7313
3521
8871
1471
2855
3487
8558
3178
8931
5241
7457
2164
2954
8471
6103
3489
7335
3034
1581
4543
6081
1786
3209
8898
8076
4795
7555
6832
7994
6982
6653
5307
4150
9172
425
6906
2658
8883
3731
1588
7771
4836
7301
724
3306
3403
4113
4288
9985
9242
8731
6065
1027
5587
8610
2750
382
9813
3230
2023
6794
9783
7230
944
2701
1302
1497
8908
3832
5128
4143
1602
9864
1443
2226
6817
4747
9887
1105
4731
9128
3483
4444
3802
2718
3053
6453
3000
6513
9583
8571
3307
3112
5801
7799
9362
750
9196
8269
4483
7971
6059
5985
7835
7403
1859
8299
2149
1745
9304
527
4521
2787
4871
1970
5405
1572
0

98
3551
8043
6203
1798
1190
0

100
102
103
104
105
106
107
108
109
110
111
112
113
114
115
116
100
100
100
100
100
100
100
100
100
100
100
100
100
100
100
100
100
100
100
100
100
100
100
100
100
100
100
100
100
100
100
100
100
100
100
100
100
100
100
100
100
100
100
100
100
100
100
100
100
100
100
100
100
100
100
100
100
100
100
100
100
100
100
100
100
100
100
100
100
100
100
100
100
100
100
100
100
100
100
100
100
100
100
100
100
100
100
100
100
100
100
100
100
100
100
100
100
100
100
100
100
100
100
100
100
100
100
100
100
100
100
100
100
100
100
100
100
100
100
100
100
100
100
100
100
100
100
100
100
100
100
100
100
100
100
100
100
100
100
100
100
100
100
100
100
0