30

6
1
0
0
0
1


6
1
0
0
1
-1

6
0
0
0
0
0

10
4
-5
4
-3
4
4
-4
4
-5

10
4
-5
4
-3
4
4
-4
4
5

6
-1
1
-1
1
-1

6
1
-1
1
-1
1

11
1
-1
1
-1
1
-1
1
-1
1
-1

12
1
-1
1
-1
1
-1
1
-1
1
-1
1

7
1
-1
1
-100
1
-1

7
1
2
3
-34
3
3

7
3
3
-34
1
2
3

2
1

10
1
1
1
1
-100
4
-100
2
2

3
  -1
   6

10
   4
  -5
   4
  -3
   4
   4
  -4
   4
  -5

4
  -2
  -3
  -4


6 
1 
0 
0 
0 
1 


6 
1 
0 
0 
1 
-1 

6 
0 
0 
0 
0 
0 

10 
4 
-5 
4 
-3 
4 
4 
-4 
4 
-5 

10 
4 
-5 
4 
-3 
4 
4 
-4 
4 
5 

6 
-1 
1 
-1 
1 
-1 

6 
1 
-1 
1 
-1 
1 

11 
1 
-1 
1 
-1 
1 
-1 
1 
-1 
1 
-1 

12 
1 
-1 
1 
-1 
1 
-1 
1 
-1 
1 
-1 
1 

14
-10
-17
17
6
1
-15
15
11
10
1
6
-7
-7

11
      1
      1
      1
      -100
      2
      2
      -100
      1
      1
    1

7
1
2
3
-34
3
3

7
3
3
3
-5
1